1111111111111111111111111111111111111111111111111111111111111111
1 X                            1                               1
1                              1                               1
1                              1                     A         1
111111111111111111111111       1                               1
1                              1                               1
1                              1                               1
1                              1                               1
1                              1                               1
1         1111111111111111111111                               1
1                              1                               1
1           ccc                1                               1
1           cCc                1                               1
1           ccc                1                               1
1111111111111                  1                               1
1                              1                               1
1                              1                               1
1                              1                               1
1         1111111111111111111111                               1
1                              1                               1
1                              1                               1
1                       P      1                               1
1                              1                               1
1                              1                               1
1                              1                               1
1                              1                               1
1                              1                               1
1                              1                               1
1                              1                               1
1                              1                               1
1                              1                               1
1                                                              1
1                                                              1
1                                                              1
1                                                              1
1                                                              1
1                                                              1
1                                                              1
1                              1                               1
1                              1                               1
1                              1                               1
1                              1                               1
1                              1                               1
1                              1                               1
1                              1                               1
1                              1                               1
1                              1                               1
1111111111111111111111111111111111111111111111111111111111111111